-0.01247185172354062
-0.032586898395721924
-0.051331719128329296
-0.06884171089603497
-0.08306188925081433
-0.08523500075562944
-0.09812760055478502
-0.11754901182633543
-0.14202805094309207
-0.1470292044310171
-0.1602576245501042
-0.16728076639646278
-0.16895560523794315
-0.19334442595673876
-0.20315717227179136
-0.21443089430894308
-0.22025873002452018
-0.22942569567791593
-0.24503179650238474
-0.2543640897755611
-0.26041281349411854
-0.27179371861179824
-0.2816551724137931
-0.28347892138245345
-0.2954807914389099
-0.30126996102099834
-0.3078123780535394
-0.3255297198635029
-0.3272210743801653
-0.3385579937304075
-0.34385341835499234
-0.35479616306954437
-0.3628151433029482
-0.3824488090263268
-0.4035751117222413
-0.4058803360192011
-0.4116259116259116
-0.43054455881059206
-0.44821154268158875
-0.45654138055655946
-0.48398179960999166
-0.48865388852170083
-0.4892116619303231
-0.5036344755970924
-0.5085827925476241
-0.5239512335605261
-0.5277401894451962
-0.5449663118836051
-0.5466873706004141
-0.5654277772058066
-0.5657585960616264
-0.5660835271513803
-0.566402726270422
-0.566716343765524
-0.5699728260869565
-0.5831262939958592
-0.6010200895180597
-0.6191124136487335
-0.6374065887801285
-0.65595154903331
-0.6645106563460926
-0.6920200833244311
-0.7181603773584906
-0.7199440318587881
-0.7482919423056068
-0.781600351725654
-0.7819441127298782
-0.8158217270194986
-0.8265582655826558
-0.847363328495404
-0.8509941256213285
-0.8871577500286402
-0.9144817446704239
-0.9422399624324959
-0.9915123456790124
-1.0001203804020706
-1.0610177865612649
-1.0765899864682003
-1.1251743817374762
-1.1466598413104685
-1.163357008262067
-1.165976821192053
-1.1683496826312751
-1.1685393258426966
-1.1709492140266022
-1.1710451170759566
-1.1738095238095239
-1.1751995595926232
-1.1769719251336899
-1.1843767160900605
-1.1908237747653807
-1.1935086277732128
-1.199924485557863
-1.2025956284153005
-1.213524536245231
-1.218271892758269
-1.2286896551724138
-1.2297180043383948
-1.2494276094276093
-1.255292479108635
-1.2699464695386184
-1.2737659293979786
-1.2765185856754306
-1.2824191279887482
-1.2870740791833357
-1.3100852272727272
-1.316260162601626
-1.3265940902021773
-1.32725587144623
-1.329848328670299
-1.3681310714803538
-1.3865284974093264
-1.4227467811158798
-1.4370733155238944
-1.4878738282993602
-1.5389319809069213
-1.5448086750592047
-1.545567112431897
-1.5463156599827776
-1.54705450989978
-1.5477838494231937
-1.553904923599321
-1.5667472793228536
-1.5735537190082645
-1.5844982384361859
-1.5855508729680916
-1.5902497382981906
-1.5936960773035775
-1.5978126057052655
-1.603120996855712
-1.6034773582457507
-1.6041966426858514
-1.6097611202635915
-1.6109184472536078
-1.6127815116141964
-1.622686567164179
-1.6238206238206239
-1.6300461940148625
-1.6346535965028481
-1.6365238462385725
-1.638996138996139
-1.6446243814664867
-1.6493531948255586
-1.6661536770363856
-1.6671627655256394
-1.6707699194270367
-1.6853029169783096
-1.6956664838178825
-1.6992933393474665
-1.7010295126973232
-1.7054281703322414
-1.7169253510716926
-1.725062958502135
-1.7358963643961554
-1.7433823529411765
-1.745302713987474
-1.7542590079903513
-1.7543437875642007
-1.7718082850275696
-1.7941327843540915
-1.7963429322238038
-1.8088129754557198
-1.8089838639337112
-1.809159181269327
-1.809339101894674
-1.8095238095238095
-1.8385079539221063
-1.850216684723727
-1.8612723903644224
-1.8654203293301967
-1.8695867973694007
-1.8737719189155577
-1.8779758195188831
-1.8796527686439564
-1.880839837309003
-1.8830142063001853
-1.8857035081101472
-1.887274155538099
-1.8935684384117721
-1.8948260132933663
-1.9015742992448483
-1.9023092890503372
-1.904756022235948
-1.9097249128244866
-1.9125214408233275
-1.9233395748430444
-1.9264978381717108
-1.9482396541074738
-1.963488164359089
-1.9689495705791675
-1.9808075772681955
-1.9821428571428572
-1.9902536272012405
-1.9923942804989352
-2.0027522935779816
-2.0047548964111854
-2.0118092691622103
-2.013218567476176
-2.013956997359487
-2.0237948084054387
-2.0298321939092605
-2.0309831399167946
-2.0336209794912024
-2.0359375
-2.0421118793211814
-2.047187141216992
-2.04770362852068
-2.0483565107458914
-2.0508130081300813
-2.0556933483652764
-2.0743566385789114
-2.0820637562411983
-2.0908349831140094
-2.092314391465273
-2.0933977455716586
-2.110063299315334
-2.112828259353939
-2.1326602488847146
-2.1385738495632904
-2.152955185105001
-2.1632628543969243
-2.167609525062492
-2.1953259532595326
-2.1971849687956446
-2.21291711517761
-2.2289566532258065
-2.2618962432915923
-2.2642727977266857
-2.280089250557816
-2.2964247598719316
-2.313305303133053
-2.3297109324059986
-2.330758620689655
-2.3578800557880055
-2.382558790593505
-2.4331053351573186
-2.4359192952543336
-2.4487601492209787
-2.490911713791114
-2.505503355704698
-2.540395713107997
-2.5476120714913564
-2.5701307334367383
-2.5752305665349144
-2.6058809580270332
-2.6144344877694357
-2.623360554318238
-2.632684037439919
-2.6424320827943077
-2.6893526203462175
-2.6938912508391137
-2.7216195569136747
-2.7717649722631044
-2.772824282665402
-2.851512373968836
-2.8562959449845864
-2.9112388250319285
-2.918813806514341
-2.9332019018902935
-2.9397676073037706
-2.998102916765473
-3.0169053768490257
-3.0421385304187516
-3.0564382262271756
-3.114773535688878
-3.118669563763998
-3.1462377027386332
-3.173108845150581
-3.180063137445362
-3.2523489932885905
-3.346545071904595
-3.354790042745788
-3.3605313092979125
-3.4626777251184833
-3.4708458800985493
-3.5
-3.538135593220339
-3.542361835245047
-3.5552722637042433
-3.577111383108935
-3.6169554455445545
-3.6282871357498223
-3.64070988772184
-3.653618906942393
-3.6541417591801877
-3.667043314500942
-3.6810146041506533
-3.7442489851150205
-3.774860779634049
-3.7806818181818183
-3.8526534242514083
-3.875515251442704
-3.9837467921300256
-3.9964301013851204
-4.024856973762083
-4.068357562635323
-4.100444444444444
-4.2781136638452235
-4.278451492537314
-4.290242898312062
-4.303588748787585
-4.334634146341464
-4.366045142296369
-4.3978282329713725
-4.429990069513406
-4.4749754661432775
-4.514822848879248
-4.594798523037405
-4.693064182194617
-4.708582834331337
-4.7413870246085015
-4.752130325814536
-4.936473165388828
-4.953440602533379
-4.987046632124352
-5.009135995823545
-5.015968925334485
-5.04048690129664
-5.20890868596882
-5.243761140819965
-5.258205689277899
-5.278294953454189
-5.288398692810458
-5.295528575658869
-5.320441988950276
-5.383928571428571
-5.41089258698941
-5.415211267605634
-5.429302987197724
-5.448703494926719
-5.46239633971976
-5.485862393967955
-5.48987246811703
-5.4958321356711695
-5.514806378132119
-5.529615718000578
-5.563752541388324
-5.592940506689439
-5.598051539912005
-5.668237511781339
-5.697
-5.796898449224613
-5.800261523373652
-5.811504424778761
-5.841613971695272
-5.854633555420957
-5.927991337303736
-6.019414168937329
-6.044195455960162
-6.046525864707683
-6.089327534292406
-6.139776026545002
-6.148720682302772
-6.17146472635242
-6.257731958762887
-6.2838667959909476
-6.299936386768448
-6.33117723156533
-6.517880794701987
-6.549914432401597
-6.568872987477639
-6.5739821251241315
-6.634581105169341
-6.682223747426218
-6.696969696969697
-6.718360071301248
-6.730187537810043
-6.739750445632799
-6.761140819964349
-6.781937017231135
-6.7825311942959
-6.819507115584867
-6.823529411764706
-6.865121806298277
-6.89822855158041
-6.898704358068316
-6.901736111111111
-6.906714200831848
-6.932307692307693
-6.933119886161508
-6.939203354297694
-6.9434137291280145
-6.948306595365419
-6.980667838312829
-6.988066825775657
-7.0003124023742584
-7.0226308345120225
-7.0529827315541604
-7.065101387406617
-7.115384615384615
-7.119953863898501
-7.178685897435898
-7.263234757210661
-7.288759689922481
-7.298909557408595
-7.306089743589744
-7.309738134206219
-7.385018726591761
-7.446488294314381
-7.466156787762906
-7.48868778280543
-7.504909983633388
-7.58043389275481
-7.597459043798061
-7.601423487544484
-7.655913978494624
-7.6639722863741335
-7.7111913357400725
-7.712374581939799
-7.727164887307236
-7.7672727272727276
-7.824175824175824
-7.905226480836237
-7.915575620767495
-7.928620928620929
-7.952105697770437
-7.962651236191478
-7.966305655836342
-7.984658298465829
-8.00732064421669
-8.04140350877193
-8.047580317202115
-8.083787180561375
-8.098870056497175
-8.104595185995624
-8.110704110704111
-8.15
-8.157071783937456
-8.167213114754098
-8.21938775510204
-8.224515063970285
-8.28262676641729
-8.341565508580997
-8.359085023737592
-8.452504317789291
-8.505921364282331
-8.508997429305913
-8.515006524575902
-8.530554239696826
-8.555187115111321
-8.578439964943032
-8.579819990525817
-8.591300191204589
-8.604452865940313
-8.626239511823035
-8.642825607064017
-8.674059787849567
-8.706629055007053
-8.708185053380783
-8.72051624388073
-8.758268482490273
-8.834519572953736
-8.84396467124632
-8.932904411764707
-9.110540860639558
-9.13103448275862
-9.132567849686847
-9.202965708989806
-9.252290775809408
-9.276039234002802
-9.350282485875706
-9.394823529411765
-9.40528186896902
-9.425723777883245
-9.492055356227576
-9.497893850042123
-9.580444904293843
-9.586240786240786
-9.631814119749777
-9.670496083550914
-9.726541554959786
-9.762256193990511
-9.821268990169795
-9.877604166666666
-9.915996425379804
-9.998982188295166
-10.010723860589811
-10.015128593040847
-10.122395833333334
-10.209723546234509
-10.28111011638317
-10.301953818827709
-10.336853220696938
-10.577251184834124
-10.6831629908553
-10.710720887245841
-10.746910263299302
-10.799628942486086
-10.863769817968292
-10.873270614277809
-10.882191780821918
-10.93183239524703
-10.935342732134176
-10.972170686456401
-11.037873270211216
-11.067046173308032
-11.147759771210676
-11.169054441260744
-11.205374280230327
-11.208214489446663
-11.223084384093113
-11.229706390328152
-11.301085883514315
-11.312375249500999
-11.317972350230415
-11.346925566343042
-11.381909547738694
-11.400255754475703
-11.429901105293775
-11.446685878962535
-11.465711361310133
-11.54406580493537
-11.66053412462908
-11.678251711427066
-11.709892362890825
-11.786442711457708
-11.833079654997464
-11.85837193911317
-11.915100060642814
-12.04659717964439
-12.129610115911486
-12.181029138251706
-12.248508946322067
-12.327746741154563
-12.349794238683128
-12.476578411405296
-12.528710725893825
-12.546023794614904
-12.573489010989011
-12.6726893676164
-12.72197018794556
-12.774261603375528
-12.830357142857142
-12.844411979547115
-12.87829181494662
-12.950947603121516
-13.054502369668246
-13.177733065057009
-13.262172284644194
-13.314324507807196
-13.398392652123995
-13.567619047619047
-13.634920634920634
-13.673579801623085
-13.873372781065088
-13.965787598004276
-13.992947813822285
-14.00968992248062
-14.041825095057034
-14.165477888730384
-14.410204081632653
-14.685671417854463
-14.739684921230307
-14.7837384744342
-14.82396750169262
-14.886692015209125
-14.941444866920152
-15.057764441110278
-15.093292212798767
-15.148804934464149
-15.305707584050039
-15.362001563721657
-15.382417582417583
-15.408898305084746
-15.524187153053132
-15.581284694686756
-15.806918744971842
-15.853181076672104
-16.03918367346939
-16.18285714285714
-16.27837613918807
-16.455842997323817
-16.516666666666666
-16.524810765349034
-16.841149773071105
-16.90521327014218
-16.97472353870458
-17.044233807266984
-17.095794392523363
-17.113744075829384
-17.171353251318102
-17.183254344391784
-17.394296951819076
-17.637401229148377
-17.73862536302033
-17.95621301775148
-18.183361629881155
-19.01624548736462
-19.155115511551156
-19.169270833333332
-19.191860465116278
-19.21773399014778
-19.26031746031746
-19.667889908256882
-20.243759177679884
-20.28600612870276
-21.094515752625437
-21.097502972651604
-21.276190476190475
-21.41317365269461
-21.580801944106927
-21.82847533632287
-21.88235294117647
-22.061630218687874
-22.085714285714285
-22.61372299872935
-23.166449934980495
-23.211963589076724
-23.257477243172954
-23.285123966942148
-23.30299089726918
-23.34850455136541
-23.494529540481402
-23.57431906614786
-23.58522050059595
-25.402027027027028
-26.24137931034483
-26.794940079893475
-27.085314685314685
-30.150793650793652
-30.997155049786628
-32.06376811594203
-34.02931596091205
-34.25993883792049
-34.36363636363637
-35.719424460431654
-36.15798922800718
-36.711974110032365
-36.84601113172542
-36.90865384615385
-36.99278846153846
-37.07692307692308
-37.16105769230769
-37.24519230769231
-37.33395176252319
-37.4931129476584
-38.04597701149425
-38.18181818181818
-38.591170825335894
-38.69090909090909
-39.2
-39.32673267326733
-39.46735395189003
-39.70909090909091
-39.938369781312126
-39.96727272727273
-40.21818181818182
-40.54181818181818
-40.69672131147541
-41.11636363636364
-41.38556701030928
-41.69090909090909
-42.265454545454546
-42.586080586080584
-44.9349593495935
-49.2975
-50.08664259927798
-50.435483870967744
-52.54210526315789
-62.75
-63.55157894736842
-66.2843137254902
-67.4368932038835
-72.31016042780749
-77.33333333333333
-79.54117647058824
-79.80427046263345
-86.77232142857143
-88.37908496732027
-94.58823529411765
-99.42647058823529
-103.03703703703704
-103.18716577540107
-113.50588235294117
-116.2
-126.11764705882354
-135.03703703703704
-141.88235294117646
-162.41836734693877
-172.65
-192.58333333333334
-217.625
-300.12307692307695
-300.66153846153844
-301.2
-301.73846153846154
-302.2769230769231
-324.8857142857143
-430.48571428571427
3000.0
2007.25
1992.2857142857142
586.3913043478261
428.0943396226415
208.80769230769232
180.66233766233765
128.61363636363637
117.51162790697674
117.36734693877551
111.5945945945946
106.54609929078015
96.32743362831859
94.39455782312925
76.81192660550458
75.52842809364549
73.91208791208791
63.78341013824885
63.34027777777778
62.85069444444444
62.361111111111114
61.87152777777778
61.55357142857143
61.38194444444444
60.56055363321799
60.54545454545455
59.951557093425606
59.34256055363322
58.733564013840834
53.388625592417064
48.10452961672474
47.25236593059937
44.72265625
42.7111801242236
41.05305039787798
40.04973357015986
39.34604105571847
38.37535014005602
35.28338762214984
34.81377551020408
32.05397727272727
31.83606557377049
31.209580838323355
30.294117647058822
27.52657004830918
26.764
26.72662721893491
26.068181818181817
25.76388888888889
23.96137339055794
23.62309368191721
23.41578947368421
23.250267379679144
22.92292089249493
22.89075630252101
22.54385964912281
22.51195219123506
22.404
22.258594917787743
22.20892494929006
22.11545988258317
21.732692307692307
21.51497005988024
21.362948960302457
21.04494382022472
20.910358565737052
20.8
20.39499036608863
20.37313432835821
20.229853479853478
19.91231343283582
19.848591549295776
19.83041958041958
19.737347294938917
19.645338208409505
19.566050198150595
19.459312839059674
19.371278458844134
19.033333333333335
18.7
18.665562913907284
18.601001669449083
18.485148514851485
18.450680272108844
18.34359805510535
17.902640264026402
17.69578783151326
17.615625
17.43431952662722
17.38621794871795
17.23696319018405
17.13540090771558
16.976923076923075
16.898753894080997
16.77007874015748
16.67751479289941
16.514423076923077
16.078014184397162
15.834269662921349
15.704715969989282
15.215437788018432
14.594744121715076
14.273261508325172
13.778242677824268
13.323185011709603
12.998803827751196
12.891491985203453
12.888595332452663
12.583333333333334
12.07394366197183
11.824137931034484
11.7576
11.58445945945946
11.574204946996467
11.35430463576159
11.273594909862142
11.133116883116884
10.920382165605096
10.816416269695859
10.715625
10.567961165048544
10.51840490797546
10.48207171314741
10.328313253012048
10.053023255813953
10.046654929577464
10.020960108181203
9.584905660377359
9.20483870967742
9.148767605633802
9.101013202333435
9.099420049710025
8.907679738562091
8.834776815456362
8.335770528683915
8.333831217326363
8.228056426332289
8.198275862068966
8.073342736248238
7.952487008166296
7.891495601173021
7.832005792903693
7.774279379157428
7.7739628040057225
7.76678445229682
7.744124168514412
7.717314487632509
7.7016925246826515
7.689234760051881
7.684320557491289
7.667355371900826
7.65675057208238
7.650782845473111
7.634589502018843
7.5993016150152775
7.591535102452133
7.535211267605634
7.489406779661017
7.458960034379029
7.40708446866485
7.322894625476089
7.313451254627725
7.292891501870657
7.190912880366819
7.186965811965812
7.183009963293131
7.1357727491574385
7.107185391028186
7.077200205867215
6.99428208386277
6.984737484737485
6.975240020212229
6.914844649021864
6.883676092544987
6.802914110429448
6.775551102204409
6.754705882352941
6.739689746500189
6.725850606179116
6.6795308361710175
6.678117998506348
6.6527950310559
6.6415094339622645
6.6415094339622645
6.6415094339622645
6.6415094339622645
6.618134906008109
6.617982554238425
6.579238329238329
6.576617087512972
6.559679767103348
6.559372666168783
6.535067873303167
6.488356395545056
6.479440559440559
6.442314780685588
6.4359157443770085
6.412264150943396
6.37937937937938
6.362954414310444
6.3282387190684135
6.314917127071824
6.195617144698678
6.1687552213868
6.123789020452099
6.052142488384099
6.0285087719298245
6.02399501402306
6.0190317195325544
6.011023622047244
5.986141906873614
5.949182039679777
5.863348416289592
5.837737843551797
5.807462686567164
5.778082191780822
5.775318315377081
5.752732644017725
5.7458064516129035
5.739445114595899
5.7290322580645165
5.712258064516129
5.6991228070175435
5.695483870967742
5.678709677419355
5.6528692380056444
5.646599131693198
5.630225080385852
5.621577037281425
5.6095693779904305
5.591765873015873
5.5419558359621455
5.522617901828681
5.498484848484848
5.491836150100258
5.490020248770611
5.480565371024735
5.4758190327613105
5.437674678591391
5.427886388786425
5.411111111111111
5.393954168698196
5.328702335205439
5.283919013265069
5.281917808219178
5.260144524735964
5.250462677359654
5.242637125101324
5.1886586695747
5.13955539872971
5.137074517019319
5.093205574912892
5.090445269016698
5.060387561964849
5.060146443514644
5.047606311848088
5.001112966054535
4.9765353418308225
4.974735756638309
4.9247031566753545
4.901220550667045
4.889029642766658
4.875211362867772
4.8403213658046695
4.828881469115192
4.809834638816362
4.805942184154175
4.792485692958447
4.777569593147752
4.759345156889495
4.7571535207763125
4.749197002141328
4.745499383477188
4.743996569468267
4.720824411134903
4.709855453350854
4.69934001466634
4.69245182012848
4.659476490547746
4.641183723797781
4.63646288209607
4.6319805194805195
4.62028358567652
4.600480769230769
4.581744518589132
4.57593605384939
4.561163181927421
4.543843063105649
4.506563525550868
4.469890723087654
4.449203187250996
4.433809963099631
4.407430533874493
4.398307023564402
4.379612903225807
4.357084690553746
4.293525509036834
4.27358702994821
4.216406421816583
4.214572983203217
4.19797580844236
4.193094347921707
4.1905099150141645
4.1558014354066986
4.153254023792862
4.151873767258382
4.141822429906542
4.116874135546334
4.092567567567568
4.08133971291866
4.081081081081081
4.070851603969536
4.069594594594594
4.066609368285346
4.061671292013568
4.058108108108108
4.048062672030489
4.046621621621622
4.043391188251001
4.031464395552401
4.001595987232102
3.9953825857519787
3.992745892895242
3.9855993223210504
3.9485006518904826
3.945478723404255
3.9339941428249605
3.9245337159253944
3.9027061855670104
3.8918146560522557
3.883549396513187
3.87826481944129
3.8579617834394906
3.8338877799955644
3.8142317380352644
3.7849911971830985
3.7714819427148196
3.77010821877742
3.7537559545621106
3.7464039408866996
3.736842105263158
3.7299620227863284
3.729679802955665
3.7112520683949257
3.6667961919564793
3.5751946213729653
3.5139368197504646
3.5070931849791376
3.4363684072421936
3.4084844338008895
3.385593220338983
3.3605706874189365
3.2864837137727623
3.2686290108724476
3.2355041659581705
3.2140502155718997
3.1687918192147455
3.1259293680297398
3.123931623931624
3.079464397447128
3.0645706558485464
3.051431466936914
3.0353849987540493
2.9848991211783638
2.9350713231677323
2.9230132450331126
2.9066666666666667
2.8956477902873465
2.88588882101405
2.837339159990289
2.78544776119403
2.7791044776119405
2.774350847251006
2.772761194029851
2.7664179104477613
2.7600746268656717
2.7287003007016373
2.710822722820764
2.7070254110612857
2.6856010568031703
2.6644229190609097
2.6467478175335053
2.643486777668952
2.584583466326205
2.582119041738701
2.580700389105058
2.573988644428673
2.5534332084893885
2.5427608232789214
2.531214893275558
2.524110073213835
2.5234979179060084
2.5115330021291697
2.494128159305591
2.480305180979418
2.4789892106757523
2.4772433828276306
2.4711661683041437
2.463465014200878
2.4537958115183245
2.4490773598296665
2.4438545261481286
2.4359389038634323
2.4336295099623046
2.432395889670092
2.4231084403168532
2.4226586593085537
2.422460866399709
2.4086299096441084
2.401255707762557
2.3944319880418536
2.390036138358286
2.3674502122102514
2.351358024691358
2.3227194492254735
2.3204728287637497
2.31590156176053
2.3137931034482757
2.2935667752442996
2.292655109489051
2.273191663261136
2.2729524438573314
2.2710259797446057
2.2574708094201466
2.2526661197703035
2.250851063829787
2.243367935409458
2.2319884726224783
2.2248795881082875
2.203825347758887
2.1951853134741945
2.1903209198558433
2.1855442176870747
2.180852856902073
2.1762445706648847
2.1737097332871493
2.1631884057971016
2.1526703151538027
2.152234153100104
2.1307585729130585
2.1123227917121046
2.1092829927260133
2.103836222796016
2.0976372480889505
2.093044428259286
2.0859184384803067
2.0825242718446604
2.0741258741258743
2.072265625
2.0622588565415643
2.0590529247910863
1.9773482331621866
1.9619358346927678
1.8693574083908657
1.781006746237675
1.7620023419203747
1.726094003241491
1.6966007102993403
1.5766749379652605
1.5595001420051122
1.4977433913604126
1.4666666666666666
1.4618746964545897
1.4456094364351244
1.442021803766105
1.4303987960872837
1.4188965972910472
1.3700564971751412
1.3687258687258688
1.3518782691393247
1.3483631871525632
1.304932735426009
1.2998394863563403
1.2473262032085561
1.2463903120633442
1.2457191780821917
1.2045454545454546
1.1916461916461916
1.1903102126176368
1.1886893594210668
1.1630484988452656
1.1478119180633146
1.1281864530225783
1.1223146223146223
1.1218951241950321
1.0978988686215654
1.0810810810810811
1.048786074209803
1.019299499642602
1.0041349292709467
1.0004544421722337
0.9528854824165915
0.9344941956882256
0.9095940959409594
0.898009393871617
0.8711656441717791
0.8439857967154905
0.8133282847406286
0.7925247902364607
0.7907949790794979
0.7887535145267104
0.7646622123236823
0.7410402499540526
0.7384178321678322
0.7178740444120859
0.6673243883188634
0.6570616883116883
0.6538461538461539
0.6535473847747281
0.5955351280367696
0.5692744755244755
0.5429510248787357
0.49506726457399103
0.4847027972027972
0.44538123167155425
0.4149289815654276
0.4001311188811189
0.39640504939626786
0.38470502549162416
0.36959370904325034
0.3565804274465692
0.3303437967115097
0.3127060613745879
0.30581120168288195
0.28716904276985744
0.28278335724533715
0.2710561497326203
0.2408062234794908
0.23453499789591808
0.2049693863021501
0.203520429803478
0.20350604368417333
0.20349165959852983
0.19859154929577466
0.19789661809183393
0.19140027912540705
0.19073045706962835
0.19013666072489602
0.19012410879324004
0.1901115585187141
0.18839187705817784
0.1852566576611347
0.17837480731116495
0.17810859307503157
0.1693720632208458
0.16936000569516624
0.16934794988610477
0.16353887399463807
0.15817106399946834
0.158160552897395
0.1581500431922387
0.15315836871220892
0.15309404348385436
0.14421914865046329
0.13377474013954152
0.13188741489436373
0.13187815833801236
0.12830317514510073
0.125
0.1249418488735296
0.12329485834207765
0.12328677290314119
0.12300635880329407
0.12093142930657404
0.10314557425018288
0.1018932421772285
0.07323832145684878
0.02826189354686764
8.522727272727272E-4
0.0
End
-0.0071090047393364926
-0.007411219763252702
-0.019645375780777755
-0.031370227878070436
-0.04145912686785819
-0.04261693080788558
-0.04283394234673163
-0.04847908745247148
-0.05341414906714651
-0.07479146048352892
-0.08953509461338492
-0.09051169966572384
-0.09174709901312222
-0.09382172037088038
-0.10587431693989072
-0.10778076828969904
-0.12646239554317548
-0.13182506457646745
-0.13492797674111273
-0.1373969244484065
-0.14559579000125297
-0.16214486818530843
-0.16519753947618745
-0.16763255773721997
-0.18122400475341652
-0.1835245046923879
-0.18563080096253007
-0.2014291719209752
-0.20161521278423736
-0.20980153908464966
-0.21815631028234056
-0.22303579730357972
-0.22668477939873605
-0.23539242017308265
-0.24092167399446343
-0.247959862177356
-0.2608535913293736
-0.26152576347128875
-0.27408648179167444
-0.27800142079090695
-0.27914353687549565
-0.2876720940466461
-0.30114860014357503
-0.30337006663249616
-0.3128829656862745
-0.31303170920340295
-0.3196812332614802
-0.33664223850766156
-0.34195506982392226
-0.3457561556200253
-0.35429270613826386
-0.36003260225251926
-0.3670450636394909
-0.3721583964800782
-0.3741973577385785
-0.3774798927613941
-0.3801100355177937
-0.38825172768710486
-0.3934992596770782
-0.40219699743683635
-0.4027555664903432
-0.40347813432292806
-0.40474296869351456
-0.405991809756448
-0.4072249589490969
-0.4141302749595648
-0.42388630773435365
-0.42615691194922134
-0.43375433382862805
-0.4382780082987552
-0.4387157695939566
-0.4504946812467455
-0.4651626573600897
-0.46863082330068045
-0.486957829061114
-0.49233716475095785
-0.5054787274238646
-0.5208851643315437
-0.5218432076600837
-0.5241966117146547
-0.5453220858895705
-0.5509134873723804
-0.5586932447397563
-0.5668498877448324
-0.5708432912256743
-0.5812956494125119
-0.5825403392635499
-0.5887916210723777
-0.5903829029385574
-0.5932944606413995
-0.5983560880468097
-0.6111593402257123
-0.6334392879847426
-0.6403305785123967
-0.6441412520064206
-0.6628858746492049
-0.678259449751
-0.6879532416928239
-0.7095506749949627
-0.7135736833361024
-0.7220269478617457
-0.7337563932562985
-0.7403376072318052
-0.744804119919073
-0.750147966517291
-0.7552278820375335
-0.7618665239114918
-0.7621640013610071
-0.7684838767147693
-0.7738084220268394
-0.7743260590500641
-0.7750800426894343
-0.7816551234239034
-0.7865583456425406
-0.7866368176338902
-0.7959256611865618
-0.7990990210517197
-0.8075030179218126
-0.8103758316849488
-0.8161344242104337
-0.825009048136084
-0.8337056563309803
-0.8398288107812785
-0.8414236466971023
-0.851838402178847
-0.8536842105263158
-0.8705600147615093
-0.8755725904459194
-0.8866866118175019
-0.8871713729308666
-0.8876337693222355
-0.8880753138075314
-0.8884973857694931
-0.8906489524782831
-0.8948126801152738
-0.8991935483870968
-0.9038089980678995
-0.9059344307649744
-0.9066479400749063
-0.9080698835274542
-0.9097634794305571
-0.9102154273801251
-0.9120461581761892
-0.912128017967434
-0.9122094651358162
-0.912290502793296
-0.9123711340206185
-0.9304511278195489
-0.9378223764419019
-0.9383998812527832
-0.9678077889447236
-0.969096374225061
-0.9701829924650162
-0.971560016729402
-1.0004704111393359
-1.0008237232289952
-1.0008334722453742
-1.033644331354255
-1.035854575846218
-1.0381882770870337
-1.0386087535363622
-1.041338745754287
-1.0415181753385603
-1.0440448696799736
-1.0448695030389703
-1.0467274369713395
-1.0481917506563903
-1.048242467718795
-1.0516372795969773
-1.0608635934414972
-1.0610055682934818
-1.066930992164637
-1.0738839091462884
-1.0752020903078305
-1.0872672725668402
-1.0893177007002117
-1.0942626167490779
-1.0953991880920162
-1.0964780371982588
-1.0987309442094342
-1.1003309692671395
-1.1010222973516863
-1.1033530892262726
-1.1037677028591788
-1.1061587698071969
-1.117925626892322
-1.120582681413542
-1.123023781054869
-1.1295652845340127
-1.1323529411764706
-1.13384484228474
-1.1377212891511574
-1.1393142320338188
-1.1410797941786346
-1.144693934594242
-1.149986138064874
-1.1551929599413329
-1.1624357696142342
-1.1705936553902856
-1.18373286359807
-1.2009943181818181
-1.2049713193116636
-1.2172949002217295
-1.2261513785992515
-1.2289961223610513
-1.2378518839324384
-1.244818652849741
-1.2517238514580045
-1.2517434352130865
-1.2535984690906066
-1.2547609942638622
-1.2554787101074911
-1.257364599849787
-1.2586266094420602
-1.2592561638111157
-1.26078184110971
-1.262325581395349
-1.2631510921545819
-1.2638877073585708
-1.2654685494223363
-1.2663454349090304
-1.2809670183600566
-1.2834494906946465
-1.2955886018110825
-1.3081849622133983
-1.3102101852621084
-1.3122171945701357
-1.3181760607979733
-1.3279468871351623
-1.32826341300351
-1.3375046462644034
-1.34106443437524
-1.346532156368222
-1.3467973231357553
-1.3468562323814193
-1.363389672817491
-1.365020297699594
-1.3730036855036856
-1.3837318131540883
-1.385398195975638
-1.3861448140900197
-1.389998774359603
-1.3926805143422354
-1.3978944108995202
-1.398099803132757
-1.409342396459058
-1.4104935872522348
-1.4126410057693963
-1.4187060263077393
-1.4231970028098657
-1.4273585722948974
-1.4317038667085822
-1.4329954505547131
-1.4331413163377864
-1.440329218106996
-1.4422557308463348
-1.4490755498884285
-1.4579454253611557
-1.4636308068459658
-1.464046313223644
-1.468041741398989
-1.4699504337050806
-1.4758223434894648
-1.47628385831597
-1.4764447236180904
-1.4784625579854207
-1.4831210191082802
-1.4878195488721804
-1.489223775046304
-1.4899870801033592
-1.492570099496059
-1.4935587761674718
-1.4996270326719379
-1.500342348510784
-1.5026381800882276
-1.504983388704319
-1.5052574818010245
-1.5072297075254684
-1.507379584622183
-1.5090288315629743
-1.5098284488920657
-1.5112492599171108
-1.5170639219934994
-1.5194264002941538
-1.5250836120401339
-1.5289795918367346
-1.5353599134042937
-1.5361547449045827
-1.5410060142154183
-1.5435818862785156
-1.5486263736263737
-1.549577154062998
-1.553657799274486
-1.556322473771397
-1.5613843351548269
-1.5627600554785022
-1.564095449500555
-1.571946458449526
-1.5742424242424242
-1.5797279078318422
-1.5801486891874266
-1.5879161302188707
-1.6098786616006864
-1.6149702823179792
-1.6245577250687984
-1.6310103469263542
-1.6400294153695305
-1.6693877551020408
-1.6985791932869267
-1.709405637254902
-1.717940999397953
-1.7219315895372234
-1.7764866712235132
-1.7867920830883794
-1.788864898210981
-1.8331707317073171
-1.8568461415561592
-1.8694099378881988
-1.88
-1.8891432308698495
-1.8900921286568613
-1.8921108742004265
-1.8995297135528004
-1.9021985127707728
-1.906986712387484
-1.9144821658788138
-1.916477495107632
-1.9175361831033322
-1.9196899736147757
-1.922016372253339
-1.9505133815855917
-1.964325177584846
-1.9786395686437164
-1.9826400825025783
-1.9850666666666668
-2.000811688311688
-2.0018148820326678
-2.0037333333333334
-2.0101333333333335
-2.0129725427775567
-2.0161545215100967
-2.0165333333333333
-2.0229333333333335
-2.0291555555555556
-2.029333333333333
-2.0416
-2.0540444444444446
-2.060663149962321
-2.0624398073836274
-2.066488888888889
-2.0685329940010906
-2.0695430933955263
-2.076950354609929
-2.0789333333333335
-2.0926986399427343
-2.109726613353171
-2.129618652440229
-2.1458625525946706
-2.1505631298162418
-2.1506815569058957
-2.1528650295069482
-2.1646063760572543
-2.1715076071922543
-2.1924520845682673
-2.1980892961590954
-2.21339656194428
-2.2338044758539457
-2.239721695129665
-2.24310692669805
-2.2641216291199644
-2.270013836726626
-2.2772921325472657
-2.2891637220259127
-2.2939031800688676
-2.3067277070063694
-2.310393541876892
-2.3151649981460882
-2.3267645284536496
-2.3387351778656127
-2.340020664714999
-2.3430174313764778
-2.3431939501779357
-2.343956704750451
-2.345515647973115
-2.361719060883406
-2.368409090909091
-2.3738364779874215
-2.3850160256410255
-2.3904437720625316
-2.408632513110125
-2.4184227677601564
-2.432575142160845
-2.4394800974817223
-2.4417578538651608
-2.443366580133898
-2.4463850528025994
-2.453290008123477
-2.4586961638032476
-2.460194963444354
-2.467037948452273
-2.4676417828066786
-2.4688022642480383
-2.478314238952537
-2.489921745316576
-2.493006993006993
-2.4965129358830147
-2.496702390766694
-2.50042111173498
-2.5153654485049834
-2.5194959581550167
-2.5231207019207966
-2.530139510397473
-2.5322105263157897
-2.5343096234309623
-2.5343522353949437
-2.546945252578683
-2.55043341213554
-2.5523306948109057
-2.5535413153457
-2.556319658525018
-2.557058017359525
-2.5592061150596757
-2.563911772521924
-2.565936999466097
-2.56781825514182
-2.5694969467868565
-2.5730671197960917
-2.576472173561515
-2.5803592255656636
-2.581041388518024
-2.585168175064163
-2.588455772113943
-2.5895186151292386
-2.5903010033444818
-2.5928938356164384
-2.593906567366283
-2.5983364636436814
-2.605921539600296
-2.6063552288356653
-2.613028472821398
-2.62271757173346
-2.6242679784492857
-2.626027990189006
-2.635546613011402
-2.643822622717572
-2.6685485768054575
-2.6686913307564883
-2.671072559548396
-2.6808107596135633
-2.6812900165994784
-2.685194416749751
-2.686988543371522
-2.7132057642334044
-2.714185883997205
-2.718757410481385
-2.7188665175242357
-2.721189591078067
-2.725248626985305
-2.7400635930047694
-2.7401858787626576
-2.746445164015205
-2.7551207581779273
-2.7562248043632915
-2.758244365361803
-2.7627576403695806
-2.7690292758089368
-2.783053738982087
-2.7831624728176454
-2.793528505392912
-2.795230031047135
-2.797525837770122
-2.8121250394695294
-2.8139809261626194
-2.8273484630853205
-2.830353049060064
-2.83255669462566
-2.838798893717898
-2.8401400233372227
-2.8427787934186473
-2.8476530777976286
-2.852218871176217
-2.8537660256410255
-2.8677317967522264
-2.869158878504673
-2.872220482305042
-2.879525135570863
-2.8849958779884584
-2.885976602991263
-2.8873063468265867
-2.900391542678152
-2.901296528649101
-2.9067149175713713
-2.9111675126903553
-2.91159654009676
-2.912535522576571
-2.9136616827909703
-2.9188712522045854
-2.9261824075438336
-2.933530280649926
-2.9409151488227456
-2.9576860179885527
-2.9610591900311527
-2.9664629109532465
-2.9707927677329624
-2.9739842620844708
-2.9750536923839417
-2.977077363896848
-2.977581210919628
-2.977697949408771
-2.978621146834604
-2.9790794979079496
-2.979917469050894
-2.982046290287692
-2.982153660012099
-2.9836444738146373
-2.98702628883578
-2.9874125874125874
-2.9903590425531914
-2.9921956295525494
-2.992235255245333
-2.9957924263674616
-3.0008260366760284
-3.00216738912971
-3.0042194092827006
-3.0118289353958145
-3.014046822742475
-3.0199350950394064
-3.0263984915147706
-3.0444954128440367
-3.048822878811819
-3.0500208420175072
-3.051408798813643
-3.051453488372093
-3.0672348484848486
-3.068548387096774
-3.069812362030905
-3.0714966634890373
-3.086247086247086
-3.0915481955944384
-3.0923166812737364
-3.0944240293976675
-3.105786618444846
-3.10607704829083
-3.111976630963973
-3.114236599468667
-3.1225321215919775
-3.1256900212314225
-3.1281559603707256
-3.1308719560094267
-3.132519616390584
-3.1329724242936896
-3.133587786259542
-3.136676814613043
-3.137057258854823
-3.139256458727158
-3.141392336751214
-3.142541998981843
-3.145244215938303
-3.147685989575107
-3.1521702127659577
-3.153858546801998
-3.154665222883956
-3.1563510890662068
-3.1614401858304295
-3.16185760628308
-3.162520193861066
-3.164435946462715
-3.166101147196639
-3.1680246242983885
-3.171604726836787
-3.1752729418707584
-3.177182085648905
-3.1814713896457767
-3.1826654240447345
-3.1915812196438207
-3.1950063787133223
-3.2061068702290076
-3.206308610400682
-3.208400646203554
-3.2173784104389087
-3.219385547382086
-3.2301587301587302
-3.234645199761479
-3.238285506719942
-3.2466895537027955
-3.2520983213429258
-3.2557377049180327
-3.261456825856247
-3.263844738162958
-3.2648364293933914
-3.2697408077154915
-3.273986152324431
-3.2748849600387504
-3.2774136403897254
-3.2776575796913314
-3.2812221892613467
-3.2831873036865598
-3.285897671006785
-3.2875757575757576
-3.2884241245136185
-3.2884569803270916
-3.2905884292071863
-3.302075702075702
-3.3108642440218414
-3.3158410985777342
-3.316718129686811
-3.3262231251058068
-3.329126213592233
-3.3344444444444443
-3.3486328125
-3.3490838958534233
-3.3512009373169303
-3.3518987341772153
-3.354694996572995
-3.3579136690647484
-3.3627019089574155
-3.3658753709198814
-3.368369351669941
-3.374263839811543
-3.3781378366042905
-3.3839536188516925
-3.385887215825214
-3.3864653243847873
-3.3883399209486167
-3.3889611596357554
-3.3907539900935606
-3.391441274546128
-3.3939058171745153
-3.39757252812315
-3.408548707753479
-3.411822418444935
-3.41763785006088
-3.4179037336932074
-3.4235476641958282
-3.429
-3.4346640701071083
-3.4347596407818277
-3.4362314450166616
-3.441439142638428
-3.443731576209468
-3.4464931931759435
-3.449698189134809
-3.4500438981562773
-3.4603733709052484
-3.470647773279352
-3.4707648825295885
-3.4767848227658513
-3.481218993621545
-3.491736271547894
-3.4918533604887982
-3.498326580940638
-3.498712169993561
-3.502941700837939
-3.5124595777059158
-3.514219280987301
-3.5231757687012393
-3.525569711107124
-3.531206975676916
-3.536993699369937
-3.5392381826525927
-3.544091486658196
-3.5472693896282697
-3.5553005966039466
-3.564015444015444
-3.5672514619883042
-3.5764451647757967
-3.5776595744680852
-3.578851412944394
-3.5992238033635187
-3.616418185164734
-3.6172594331106698
-3.621791320406279
-3.627332202568452
-3.6434920007900455
-3.6563899868247693
-3.6658559401309634
-3.6770931326434617
-3.68321608040201
-3.6845854922279795
-3.687706543291474
-3.7018656716417913
-3.7038488952245188
-3.7095964875601086
-3.711090047393365
-3.715704697986577
-3.716317365269461
-3.7237968423054975
-3.7243707796193983
-3.724739336492891
-3.7259094695917803
-3.7273871983210913
-3.736590952471846
-3.737492866653985
-3.737980769230769
-3.7453128291552558
-3.745560219567323
-3.7494732809806552
-3.749624937489582
-3.7503340332124453
-3.7581005586592178
-3.7608359133126936
-3.762444743417259
-3.76326374257805
-3.7633749207020513
-3.7670347989164408
-3.7762829137036324
-3.7772913816689466
-3.7815750371471024
-3.789004457652303
-3.7893924783027964
-3.7964338781575035
-3.7967813730525597
-3.799171270718232
-3.802593381072189
-3.803863298662704
-3.8051133622768933
-3.8051184834123224
-3.81000762001524
-3.8112927191679047
-3.812647157753111
-3.815886579918431
-3.821478382147838
-3.8292730461898263
-3.836655699632282
-3.844225352112676
-3.8466535433070868
-3.867425320056899
-3.8768029865942646
-3.8878558977338757
-3.909349173553719
-3.914031971580817
-3.928421052631579
-3.9350413556586643
-3.9381095273818456
-3.9398514851485147
-3.9421232876712327
-3.9443598849991544
-3.953749261956308
-3.9581850533807827
-3.975609756097561
-3.981905910735826
-3.9958534899792673
-4.011405445180279
-4.027927182457592
-4.031496062992126
-4.035765088396667
-4.040413360398597
-4.050557880055788
-4.067355666429081
-4.081850533807829
-4.106263194933145
-4.107982673267327
-4.109447004608295
-4.114180478821363
-4.126344086021505
-4.127938342967244
-4.138883078853796
-4.143241167434716
-4.152344808891298
-4.1584711187459735
-4.160138248847926
-4.162997159090909
-4.175329712955779
-4.177035330261137
-4.18359375
-4.1878557874762805
-4.19789356984479
-4.19833729216152
-4.215062111801243
-4.223350253807107
-4.26033386327504
-4.272012578616352
-4.2878755593437035
-4.296356538711776
-4.321329639889196
-4.326862123613312
-4.339805825242719
-4.341374474053296
-4.349030470914127
-4.353189246178176
-4.3984842441164735
-4.411252511721367
-4.415295686971987
-4.422158154859967
-4.432046418210221
-4.448924731182796
-4.465932089048797
-4.471084337349398
-4.476550344521005
-4.483069977426637
-4.489103101424979
-4.490738674403035
-4.496509129967777
-4.505041451938158
-4.519460067491564
-4.531997607655502
-4.533126293995859
-4.533995934041111
-4.535657686212361
-4.541455550437586
-4.5440278988666085
-4.544682571775172
-4.593053173241852
-4.602256699576869
-4.619299674267101
-4.619620546043499
-4.62778505897772
-4.628781331028522
-4.64659184232138
-4.649070945945946
-4.6541244573082485
-4.662633451957295
-4.665626500240038
-4.673286510050859
-4.691280947255113
-4.692607003891051
-4.693989071038251
-4.694771420750069
-4.712087912087912
-4.731731240804316
-4.742950999178757
-4.770491803278689
-4.791130577607446
-4.803988326848249
-4.837985769020252
-4.868480159720489
-4.876573617952928
-4.877214873970551
-4.885949588220614
-4.894684302470676
-4.895794566430964
-4.896009673518742
-4.903419016720739
-4.915161466885605
-4.923376623376623
-4.953749315818281
-4.986017140279658
-4.9918515165233135
-4.992337164750958
-5.050982226379794
-5.121766280107047
-5.151326053042122
-5.310206014681506
-5.38780487804878
-5.388139204545454
-5.43260958623515
-5.459692898272553
-5.548929663608563
-5.668494516450648
-5.74374460742019
-5.773809523809524
-5.795484981825139
-5.834147595782977
-5.850343733474352
-5.853063343717549
-5.861331220285262
-5.874801901743265
-5.8882725832012675
-5.901743264659271
-5.915213946117274
-6.010621348911312
-6.100273473108477
-6.14501679731243
-6.199011803458688
-6.201704545454546
-6.271256739941933
-6.316742081447964
-6.400568181818182
-6.450878025628856
-6.49951690821256
-6.588604538870111
-6.672980171648416
-6.731203931203932
-6.834276658365407
-6.871428571428571
-6.878939469734868
-6.9496402877697845
-6.969116738727609
-7.032093734080489
-7.171296296296297
-7.229464582640506
-7.288294314381271
-7.292218275750726
-7.311557788944723
-7.347796838210562
-7.407983761840325
-7.461031833150384
-7.510967098703889
-7.546348314606742
-7.646143437077131
-7.692988427501702
-7.74041095890411
-7.751228070175439
-7.78842177808408
-7.8370319001386965
-7.970808383233533
-8.089771101573676
-8.120991253644315
-8.20928961748634
-8.358936484490398
-8.455128205128204
-8.520470053070508
-8.64618320610687
-8.953396524486571
-9.012931034482758
-9.056227327690447
-9.965753424657533
-10.104871447902571
-10.341439688715953
-10.35151155898044
-10.375594294770206
-10.391819798458803
-10.54512416717141
-10.74736842105263
-10.958834705509817
-11.041275797373359
-11.180168502916397
-11.437019969278033
-11.44296577946768
-11.766379880873593
-12.061383928571429
-12.200576606260297
-12.417328519855596
-12.581166549543218
-13.042755344418053
-13.08348134991119
-13.299850074962519
-13.503370786516854
-13.590454195535028
-13.712856043110085
-13.897151898734178
-13.973105134474327
-14.116088631984585
-14.14873417721519
-14.221318144833198
-14.37565445026178
-14.564489112227806
-14.609438567941416
-15.09715242881072
-15.16869918699187
-15.34
-15.64516129032258
-15.705696202531646
-15.799298860648554
-15.988774555659495
-16.41350210970464
-17.51645721125075
-17.656645569620252
-17.75657894736842
-18.090390104662227
-18.703622392974754
-18.84406294706724
-19.035902851108766
-19.210045662100455
-19.63738508682329
-20.23174603174603
-20.384188626907072
-20.788095238095238
-20.907363420427554
-20.96912114014252
-21.0
-21.018957345971565
-21.03087885985748
-21.092636579572446
-21.15439429928741
-21.79182156133829
-22.756476683937823
-22.914183551847437
-23.419689119170986
-23.812754409769337
-23.9402390438247
-24.31714285714286
-24.334707337180543
-24.646271510516254
-24.882659713168188
-24.974358974358974
-25.657333333333334
-26.37244201909959
-27.333333333333332
-30.1239837398374
-30.402555910543132
-31.0
-32.24865831842576
-32.86317567567568
-34.35735735735736
-34.77505112474438
-34.960502692998205
-35.059183673469384
-36.3342939481268
-36.864754098360656
-36.96928982725528
-37.339080459770116
-39.1319587628866
-40.0
-40.059548254620125
-41.21002386634845
-42.509977827050996
-43.27299270072993
-49.87068965517241
-51.64942528735632
-53.45054945054945
-55.01744186046512
-61.10791366906475
-62.97111913357401
-63.11716621253406
-66.02397260273973
-69.45985401459853
-72.08187134502924
-76.79274611398964
-78.0
-80.5103734439834
-85.10194174757281
-85.61650485436893
-86.13106796116504
-86.64563106796116
-87.16019417475728
-92.9704433497537
-130.8102189781022
-136.16176470588235
-163.98305084745763
-253.29850746268656
-306.3015873015873
-340.71264367816093
-344.79411764705884
Infinity
3859.4
2408.8
470.219512195122
317.7945205479452
250.14285714285714
248.2987012987013
241.45945945945945
170.2920353982301
166.5486725663717
156.0183486238532
139.82075471698113
129.0268456375839
107.25233644859813
104.4836956521739
88.17592592592592
87.78899082568807
87.78538812785388
86.662100456621
75.68897637795276
72.20454545454545
66.52249134948097
63.95774647887324
62.50877192982456
59.79298245614035
59.33641975308642
55.933837429111534
53.551532033426184
52.446745562130175
48.79441624365482
45.278225806451616
45.112531969309465
44.81351981351981
43.74592074592075
39.52927927927928
38.034068136272545
37.0412147505423
35.13682092555332
34.91252955082742
34.4612676056338
34.20454545454545
33.801223241590215
32.659774436090224
31.689256198347106
31.51404958677686
30.488536155202823
28.569767441860463
26.861852433281005
26.79064039408867
26.581460674157302
25.350816852966467
25.119463087248324
24.480153649167733
24.128205128205128
22.739819004524886
22.063917525773196
21.53787878787879
19.9226750261233
19.885135135135137
18.661347517730498
17.588124410933084
17.191666666666666
16.877752027809965
16.781112091791705
15.710287443267775
15.662240663900414
15.204545454545455
14.620689655172415
14.037837837837838
13.95646437994723
13.929378531073446
13.514511873350923
12.97938144329897
12.86429215509468
12.223650385604113
12.014778325123153
11.837336244541484
11.816959064327486
11.76017130620985
11.6859243697479
11.614432989690721
11.545546558704453
11.458603896103897
11.132075471698114
10.799528301886792
10.465336134453782
10.267326732673267
10.12163146394756
9.81330582774626
9.592592592592593
9.243922204213938
9.184397163120567
9.088652482269504
9.033685601056803
8.819716407832546
8.57740169238427
8.575386597938145
8.56375442739079
8.55668016194332
8.459858323494688
8.406042741341194
8.355962219598583
8.352433764633394
8.25206611570248
8.148170011806375
8.131117824773414
7.9911937377690805
7.83982683982684
7.707432432432433
7.693472090823084
7.589792060491494
7.551884597487203
7.416129032258064
7.414835164835165
7.370267260579064
7.15
7.1173913043478265
7.065849923430322
6.968588640275387
6.918668122270742
6.905917159763313
6.890345128877239
6.876326963906582
6.850982532751091
6.809671694764862
6.783296943231441
6.770822281167109
6.74290780141844
6.726453357368184
6.7156113537117905
6.68125
6.677809101892872
6.672665916760405
6.664253897550111
6.656008820286659
6.64792576419214
6.6462655601659755
6.6405677655677655
6.631062951496388
6.577012563983248
6.511352885525071
6.498744349573079
6.443482443482443
6.426470588235294
6.373287671232877
6.308117617491832
6.191828599900349
6.099209202012941
6.077550012348728
5.994991652754591
5.965230166503428
5.829103214890017
5.696420047732697
5.632911392405063
5.5670516144237565
5.440875232774674
5.340999765313307
5.329652996845426
5.249112426035503
5.239469947941315
5.185599541021228
5.1362443330947265
5.125835189309577
5.111111111111111
5.069497025419145
5.031280076997112
5.027777777777778
5.024120603015075
5.020298047276465
5.016298633017876
4.719242902208202
4.108832807570978
3.962196219621962
3.498422712933754
3.2059701492537314
3.020818377602297
2.8880126182965298
2.8492392807745506
2.6897931954636425
2.660377358490566
2.660377358490566
2.660377358490566
2.660377358490566
2.5412371134020617
2.0453808752025933
1.6874418604651162
1.416904859126174
1.205240174672489
1.0261584454409567
0.9035237769414984
0.8634190077704722
0.8
0.7114427860696517
0.6509247027741083
0.634825327510917
0.6252535496957403
0.5246313147160339
0.44980184940554824
0.41034070531978484
0.3151750972762646
0.3064194008559201
0.2849366587490103
0.2821442571540572
0.28211660950514456
0.28208896727415245
0.27145012257212897
0.26514251781472686
0.25934263845114813
0.2570281124497992
0.25700517579867926
0.25698224324083163
0.2481902792140641
0.24133273300315172
0.23545130641330167
0.23542800593765462
0.23540471007322383
0.22432814710042434
0.21431787483115713
0.21429857734557897
0.2142792833348339
0.2115174672489083
0.20881259953990444
0.2051878662530162
0.20510168907273355
0.18596595407759303
0.18233867054827754
0.1823209780710266
0.17555825469494535
0.16929311121116614
0.16628338935078718
0.1662686831166534
0.16201309893140298
0.12009087958455048
0.04495729057395474
End
End
End
End
End
End
End
End
End
End
End
End
End
End
End
End
End
End
End
End
End
End
End
End
End
End
End
End
End
End
End
End
End
End
End
End
End
End
End
End
End
End
End
End
End
End
End
End
End
End
End
End
End
End
End
End
End
End
End
End
End
End
End
End
End
End
End
End
End
End
End
End
End
End
End
End
End
End
End
End
End
End
End
End
End
End
End
End
End
End
End
End
End
End
End
End
End
End
End
End
End
End
End
End
End
End
End
End
End
End
End
End
End
End
End
End
End
End
End
End
End
End
End
End
End
End
End
End
End
End
End
End
End
End
End
End
End
End
End
End
End
End
End
End
End
End
End
End
End
End
End
End
End
End
End
End
End
End
End
End
End
End
End
End
End
End
End
End
End
End
End
End
End
End
End
End
End
End
End
End
End
End
End
End
End
End
End
End
End
End
End
End
End
End
End
End
End
End
End
End
End
End
End
End
End
End
End
End
End
End
End
End
End
End
End
End
End
End
End
End
End
End
End
End
End
End
End
End
End
End
End
End
End
End
End
End
End
End
End
End
End
End
End
End
End
End
End
End
End
End
End
End
End
End
End
End
End
End
End
End
End
End
End
End
End
End
End
End
End
End
End
End
End
End
End
End
End
End
End
End
End
End
End
End
End
End
End
End
End
End
End
End
End
End
End
End
End
End
End
End
End
End
End
End
End
End
End
End
End
End
End
End
End
End
End
End
End
End
End
End
End
End
End
End
End
End
End
End
End
End
End
End
End
End
End
End
End
End
End
End
End
End
End
End
End
End
End
End
End
End
End
End
End
End
End
End
End
End
End
End
End
End
End
End
End
End
End
End
End
End
End
End
End
End
End
End
End
End
End
End
End
End
End
End
End
End
End
End
End
End
End
End
End
End
End
End
End
End
End
End
End
End
End
End
End
End
End
End
End
End
End
End
End
End
End
End
End
End
End
End
End
End
End
End
End
End
End
End
End
End
End
End
End
End
End
End
End
End
End
End
End
End
End
End
End
End
End
End
End
End
End
End
End
End
End
End
End
End
End
End
End
End
End
End
End
End
End
End
End
End
End
End
End
End
End
End
End
End
End
End
End
End
End
End
End
End
End
End
End
End
End
End
End
End
End
End
End
End
End
End
End
End
End
End
End
End
End
End
End
End
End
End
End
End
End
End
End
End
End
End
End
End
End
End
End
End
End
End
End
End
End
End
End
End
End
End
End
End
End
End
End
End
End
End
End
End
End
End
End
End
End
End
End
End
End
End
End
End
End
End
End
End
End
End
End
End
End
End
End
End
End
End
End
End
End
End
End
End
End
End
End
End
End
End
End
End
End
End
End
End
End
End
End
End
End
End
End
End
End
End
End
End
End
End
End
End
End
End
End
End
End
End
End
End
End
End
End
End
End
End
End
End
End
End
End
End
End
End
End
End
End
End
End
End
End
End
End
End
End
End
End
End
End
End
End
End
End
End
End
End
End
End
End
End
End
End
End
End
End
End
End
End
End
End
End
End
End
End
End
End
End
End
End
End
End
End
End
End
End
End
End
End
End
End
End
End
End
End
End
End
End
End
End
End
End
End
End
End
End
End
End
End
End
End
End
End
End
End
End
End
End
End
End
End
End
End
End
End
End
End
End
End
End
End
End
End
End
End
End
End
End
End
End
End
End
End
End
End
End
End
End
End
End
End
End
End
End
End
End
End
End
End
End
End
End
End
End
End
End
End
End
End
End
End
End
End
End
End
End
End
End
End
End
End
End
End
End
End
End
End
End
End
End
End
End
End
End
End
End
End
End
End
End
End
End
End
End
End
End
End
End
End
End
End
End
End
End
End
End
End
End
End
End
End
End
End
End
End
End
End
End
End
End
End
End
End
End
End
End
End
End
End
End
End
End
End
End
End
End
End
End
End
End
End
End
End
End
End
End
End
End
End
End
End
End
End
End
End
End
End
End
End
End
End
End
End
End
End
End
End
End
End
End
End
End
End
End
End
End
End
End
End
End
End
End
End
End
End
End
End
End
End
End
End
End
End
End
End
End
End
End
End
End
End
End
End
End
End
End
End
End
End
End
End
End
End
End
End
End
End
End
End
End
End
End
End
End
End
End
End
End
End
End
End
End
End
End
End
End
End
End
End
End
End
End
End
End
End
End
End
End
End
End
End
End
End
End
End
End
End
End
End
End
End
End
End
End
End
End
End
End
End
End
End
End
End
End
End
End
End
End
End
End
End
End
End
End
End
End
End
End
End
End
End
End
End
End
End
End
End
End
End
End
End
End
End
End
End
End
End
End
End
End
End
End
End
End
End
End
End
End
End
End
End
End
End
End
End
End
End
End
End
End
End
End
End
End
End
End
End
End
End
End
End
End
End
End
End
End
End
End
End
End
End
End
End
End
End
End
End
End
End
End
End
End
End
End
End
End
End
End
End
End
End
End
End
End
End
End
End
End
End
End
End
End
End
End
End
End
End
End
End
End
End
End
End
End
End
End
End
End
End
End
End
End
End
End
End
End
End
End
End
End
End
End
End
End
End
End
End
End
End
End
End
End
End
End
End
End
End
End
End
End
End
End
End
End
End
End
End
End
End
End
End
End
End
End
End
End
End
End
End
End
End
End
End
End
End
End
End
End
End
End
End
End
End
End
End
End
End
End
End
End
End
End
End
End
End
End
End
End
End
End
End
End
End
End
End
End
End
End
End
End
End
End
End
End
End
End
End
End
End
End
End
End
End
End
End
End
End
End
End
End
End
End
End
End
End
End
End
End
End
End
End
End
End
End
End
End
End
End
End
End
End
End
End
End
End
End
End
End
End
End
End
End
End
End
End
End
End
End
End
End
End
End
End
End
End
Count: 1259
288
1158635233
